h00v08 9.999999999 -179.900000000 9.999999999 -172.622524005 -0.000000000 -179.999999984 -0.000000000 -169.999999985
h00v09 -0.000000000 -179.999999984 -0.000000000 -169.999999985 -9.999999999 -179.900000000 -9.999999999 -172.622524005
h00v10 -9.999999999 -179.900000000 -9.999999999 -172.622524005 -19.999999998 -179.900000000 -19.999999998 -179.900000000
h01v07 19.999999998 -179.900000000 19.999999998 -170.268443579 9.999999999 -172.622524005 9.999999999 -162.468257887
h01v08 9.999999999 -172.622524005 9.999999999 -162.468257887 -0.000000000 -169.999999985 -0.000000000 -159.999999986
h01v09 -0.000000000 -169.999999985 -0.000000000 -159.999999986 -9.999999999 -172.622524005 -9.999999999 -162.468257887
h01v10 -9.999999999 -172.622524005 -9.999999999 -162.468257887 -19.999999998 -179.900000000 -19.999999998 -170.268443579
h01v11 -19.999999998 -179.900000000 -19.999999998 -170.268443579 -29.999999997 -179.900000000 -29.999999997 -179.900000000
h02v06 29.999999997 -179.900000000 29.999999997 -173.205080737 19.999999998 -170.268443579 19.999999998 -159.626665855
h02v08 9.999999999 -162.468257887 9.999999999 -152.313991769 -0.000000000 -159.999999986 -0.000000000 -149.999999987
h02v09 -0.000000000 -159.999999986 -0.000000000 -149.999999987 -9.999999999 -162.468257887 -9.999999999 -152.313991769
h02v10 -9.999999999 -162.468257887 -9.999999999 -152.313991769 -19.999999998 -170.268443579 -19.999999998 -159.626665855
h02v11 -19.999999998 -170.268443579 -19.999999998 -159.626665855 -29.999999997 -179.900000000 -29.999999997 -173.205080737
h03v05 39.999999996 -179.900000000 39.999999996 -179.900000000 29.999999997 -173.205080737 29.999999997 -161.658075354
h03v06 29.999999997 -173.205080737 29.999999997 -161.658075354 19.999999998 -159.626665855 19.999999998 -148.984888132
h03v07 19.999999998 -159.626665855 19.999999998 -148.984888132 9.999999999 -152.313991769 9.999999999 -142.159725651
h03v08 9.999999999 -152.313991769 9.999999999 -142.159725651 -0.000000000 -149.999999987 -0.000000000 -139.999999987
h03v09 -0.000000000 -149.999999987 -0.000000000 -139.999999987 -9.999999999 -152.313991769 -9.999999999 -142.159725651
h03v10 -9.999999999 -152.313991769 -9.999999999 -142.159725651 -19.999999998 -159.626665855 -19.999999998 -148.984888132
h03v11 -19.999999998 -159.626665855 -19.999999998 -148.984888132 -29.999999997 -173.205080737 -29.999999997 -161.658075354
h04v05 39.999999996 -179.900000000 39.999999996 -169.702947589 29.999999997 -161.658075354 29.999999997 -150.111069972
h04v09 -0.000000000 -139.999999987 -0.000000000 -129.999999988 -9.999999999 -142.159725651 -9.999999999 -132.005459533
h04v10 -9.999999999 -142.159725651 -9.999999999 -132.005459533 -19.999999998 -148.984888132 -19.999999998 -138.343110408
h04v11 -19.999999998 -148.984888132 -19.999999998 -138.343110408 -29.999999997 -161.658075354 -29.999999997 -150.111069972
h05v10 -9.999999999 -132.005459533 -9.999999999 -121.851193415 -19.999999998 -138.343110408 -19.999999998 -127.701332684
h05v11 -19.999999998 -138.343110408 -19.999999998 -127.701332684 -29.999999997 -150.111069972 -29.999999997 -138.564064589
h05v13 -39.999999996 -169.702947589 -39.999999996 -156.648874698 -49.999999996 -179.900000000 -49.999999996 -179.900000000
h06v03 59.999999995 -179.900000000 59.999999995 -179.900000000 49.999999996 -179.900000000 49.999999996 -171.129620923
h06v11 -19.999999998 -127.701332684 -19.999999998 -117.059554960 -29.999999997 -138.564064589 -29.999999997 -127.017059207
h07v03 59.999999995 -179.900000000 59.999999995 -179.900000000 49.999999996 -171.129620923 49.999999996 -155.572382658
h07v05 39.999999996 -143.594801806 39.999999996 -130.540728915 29.999999997 -127.017059207 29.999999997 -115.470053824
h07v06 29.999999997 -127.017059207 29.999999997 -115.470053824 19.999999998 -117.059554960 19.999999998 -106.417777237
h07v07 19.999999998 -117.059554960 19.999999998 -106.417777237 9.999999999 -111.696927297 9.999999999 -101.542661179
h08v03 59.999999995 -179.900000000 59.999999995 -179.999999955 49.999999996 -155.572382658 49.999999996 -140.015144392
h08v04 49.999999996 -155.572382658 49.999999996 -140.015144392 39.999999996 -130.540728915 39.999999996 -117.486656023
h08v05 39.999999996 -130.540728915 39.999999996 -117.486656023 29.999999997 -115.470053824 29.999999997 -103.923048442
h08v06 29.999999997 -115.470053824 29.999999997 -103.923048442 19.999999998 -106.417777237 19.999999998 -95.775999513
h08v07 19.999999998 -106.417777237 19.999999998 -95.775999513 9.999999999 -101.542661179 9.999999999 -91.388395061
h08v08 9.999999999 -101.542661179 9.999999999 -91.388395061 -0.000000000 -99.999999991 -0.000000000 -89.999999992
h08v09 -0.000000000 -99.999999991 -0.000000000 -89.999999992 -9.999999999 -101.542661179 -9.999999999 -91.388395061
h08v11 -19.999999998 -106.417777237 -19.999999998 -95.775999513 -29.999999997 -115.470053824 -29.999999997 -103.923048442
h09v02 69.999999994 -179.900000000 69.999999994 -179.900000000 59.999999995 -179.999999955 59.999999995 -159.999999960
h09v03 59.999999995 -179.999999955 59.999999995 -159.999999960 49.999999996 -140.015144392 49.999999996 -124.457906126
h09v04 49.999999996 -140.015144392 49.999999996 -124.457906126 39.999999996 -117.486656023 39.999999996 -104.432583132
h09v05 39.999999996 -117.486656023 39.999999996 -104.432583132 29.999999997 -103.923048442 29.999999997 -92.376043060
h09v06 29.999999997 -103.923048442 29.999999997 -92.376043060 19.999999998 -95.775999513 19.999999998 -85.134221789
h09v07 19.999999998 -95.775999513 19.999999998 -85.134221789 9.999999999 -91.388395061 9.999999999 -81.234128943
h09v08 9.999999999 -91.388395061 9.999999999 -81.234128943 -0.000000000 -89.999999992 -0.000000000 -79.999999993
h09v09 -0.000000000 -89.999999992 -0.000000000 -79.999999993 -9.999999999 -91.388395061 -9.999999999 -81.234128943
h10v02 69.999999994 -179.900000000 69.999999994 -179.900000000 59.999999995 -159.999999960 59.999999995 -139.999999965
h10v03 59.999999995 -159.999999960 59.999999995 -139.999999965 49.999999996 -124.457906126 49.999999996 -108.900667860
h10v04 49.999999996 -124.457906126 49.999999996 -108.900667860 39.999999996 -104.432583132 39.999999996 -91.378510240
h10v05 39.999999996 -104.432583132 39.999999996 -91.378510240 29.999999997 -92.376043060 29.999999997 -80.829037677
h10v06 29.999999997 -92.376043060 29.999999997 -80.829037677 19.999999998 -85.134221789 19.999999998 -74.492444066
h10v07 19.999999998 -85.134221789 19.999999998 -74.492444066 9.999999999 -81.234128943 9.999999999 -71.079862825
h10v08 9.999999999 -81.234128943 9.999999999 -71.079862825 -0.000000000 -79.999999993 -0.000000000 -69.999999994
h10v09 -0.000000000 -79.999999993 -0.000000000 -69.999999994 -9.999999999 -81.234128943 -9.999999999 -71.079862825
h10v10 -9.999999999 -81.234128943 -9.999999999 -71.079862825 -19.999999998 -85.134221789 -19.999999998 -74.492444066
h10v11 -19.999999998 -85.134221789 -19.999999998 -74.492444066 -29.999999997 -92.376043060 -29.999999997 -80.829037677
h11v01 79.999999993 179.900000000 79.999999993 -179.900000000 69.999999994 -179.900000000 69.999999994 -175.428263941
h11v02 69.999999994 -179.900000000 69.999999994 -175.428263941 59.999999995 -139.999999965 59.999999995 -119.999999970
h11v03 59.999999995 -139.999999965 59.999999995 -119.999999970 49.999999996 -108.900667860 49.999999996 -93.343429595
h11v04 49.999999996 -108.900667860 49.999999996 -93.343429595 39.999999996 -91.378510240 39.999999996 -78.324437349
h11v05 39.999999996 -91.378510240 39.999999996 -78.324437349 29.999999997 -80.829037677 29.999999997 -69.282032295
h11v06 29.999999997 -80.829037677 29.999999997 -69.282032295 19.999999998 -74.492444066 19.999999998 -63.850666342
h11v07 19.999999998 -74.492444066 19.999999998 -63.850666342 9.999999999 -71.079862825 9.999999999 -60.925596708
h11v08 9.999999999 -71.079862825 9.999999999 -60.925596708 -0.000000000 -69.999999994 -0.000000000 -59.999999995
h11v09 -0.000000000 -69.999999994 -0.000000000 -59.999999995 -9.999999999 -71.079862825 -9.999999999 -60.925596708
h11v10 -9.999999999 -71.079862825 -9.999999999 -60.925596708 -19.999999998 -74.492444066 -19.999999998 -63.850666342
h11v11 -19.999999998 -74.492444066 -19.999999998 -63.850666342 -29.999999997 -80.829037677 -29.999999997 -69.282032295
h11v12 -29.999999997 -80.829037677 -29.999999997 -69.282032295 -39.999999996 -91.378510240 -39.999999996 -78.324437349
h12v01 79.999999993 -179.900000000 79.999999993 -179.900000000 69.999999994 -175.428263941 69.999999994 -146.190219951
h12v02 69.999999994 -175.428263941 69.999999994 -146.190219951 59.999999995 -119.999999970 59.999999995 -99.999999975
h12v03 59.999999995 -119.999999970 59.999999995 -99.999999975 49.999999996 -93.343429595 49.999999996 -77.786191329
h12v04 49.999999996 -93.343429595 49.999999996 -77.786191329 39.999999996 -78.324437349 39.999999996 -65.270364457
h12v05 39.999999996 -78.324437349 39.999999996 -65.270364457 29.999999997 -69.282032295 29.999999997 -57.735026912
h12v07 19.999999998 -63.850666342 19.999999998 -53.208888618 9.999999999 -60.925596708 9.999999999 -50.771330590
h12v08 9.999999999 -60.925596708 9.999999999 -50.771330590 -0.000000000 -59.999999995 -0.000000000 -49.999999996
h12v09 -0.000000000 -59.999999995 -0.000000000 -49.999999996 -9.999999999 -60.925596708 -9.999999999 -50.771330590
h12v10 -9.999999999 -60.925596708 -9.999999999 -50.771330590 -19.999999998 -63.850666342 -19.999999998 -53.208888618
h12v11 -19.999999998 -63.850666342 -19.999999998 -53.208888618 -29.999999997 -69.282032295 -29.999999997 -57.735026912
h12v12 -29.999999997 -69.282032295 -29.999999997 -57.735026912 -39.999999996 -78.324437349 -39.999999996 -65.270364457
h12v13 -39.999999996 -78.324437349 -39.999999996 -65.270364457 -49.999999996 -93.343429595 -49.999999996 -77.786191329
h13v01 79.999999993 -179.900000000 79.999999993 -179.900000000 69.999999994 -146.190219951 69.999999994 -116.952175961
h13v02 69.999999994 -146.190219951 69.999999994 -116.952175961 59.999999995 -99.999999975 59.999999995 -79.999999980
h13v03 59.999999995 -99.999999975 59.999999995 -79.999999980 49.999999996 -77.786191329 49.999999996 -62.228953063
h13v04 49.999999996 -77.786191329 49.999999996 -62.228953063 39.999999996 -65.270364457 39.999999996 -52.216291566
h13v08 9.999999999 -50.771330590 9.999999999 -40.617064472 -0.000000000 -49.999999996 -0.000000000 -39.999999996
h13v09 -0.000000000 -49.999999996 -0.000000000 -39.999999996 -9.999999999 -50.771330590 -9.999999999 -40.617064472
h13v10 -9.999999999 -50.771330590 -9.999999999 -40.617064472 -19.999999998 -53.208888618 -19.999999998 -42.567110895
h13v11 -19.999999998 -53.208888618 -19.999999998 -42.567110895 -29.999999997 -57.735026912 -29.999999997 -46.188021530
h13v12 -29.999999997 -57.735026912 -29.999999997 -46.188021530 -39.999999996 -65.270364457 -39.999999996 -52.216291566
h13v13 -39.999999996 -65.270364457 -39.999999996 -52.216291566 -49.999999996 -77.786191329 -49.999999996 -62.228953063
h13v14 -49.999999996 -77.786191329 -49.999999996 -62.228953063 -59.999999995 -99.999999975 -59.999999995 -79.999999980
h14v01 79.999999993 -179.900000000 79.999999993 -172.763114356 69.999999994 -116.952175961 69.999999994 -87.714131971
h14v02 69.999999994 -116.952175961 69.999999994 -87.714131971 59.999999995 -79.999999980 59.999999995 -59.999999985
h14v03 59.999999995 -79.999999980 59.999999995 -59.999999985 49.999999996 -62.228953063 49.999999996 -46.671714797
h14v04 49.999999996 -62.228953063 49.999999996 -46.671714797 39.999999996 -52.216291566 39.999999996 -39.162218674
h14v09 -0.000000000 -39.999999996 -0.000000000 -29.999999997 -9.999999999 -40.617064472 -9.999999999 -30.462798354
h14v10 -9.999999999 -40.617064472 -9.999999999 -30.462798354 -19.999999998 -42.567110895 -19.999999998 -31.925333171
h14v11 -19.999999998 -42.567110895 -19.999999998 -31.925333171 -29.999999997 -46.188021530 -29.999999997 -34.641016147
h14v14 -49.999999996 -62.228953063 -49.999999996 -46.671714797 -59.999999995 -79.999999980 -59.999999995 -59.999999985
h14v15 -59.999999995 -79.999999980 -59.999999995 -59.999999985 -69.999999994 -116.952175961 -69.999999994 -87.714131971
h14v16 -69.999999994 -116.952175961 -69.999999994 -87.714131971 -79.999999993 -179.900000000 -79.999999993 -172.763114356
h14v17 -79.999999993 -179.900000000 -79.999999993 -172.763114356 -89.999999992 -179.900000000 -89.999999992 179.900000000
h15v01 79.999999993 -172.763114356 79.999999993 -115.175409571 69.999999994 -87.714131971 69.999999994 -58.476087980
h15v02 69.999999994 -87.714131971 69.999999994 -58.476087980 59.999999995 -59.999999985 59.999999995 -39.999999990
h15v03 59.999999995 -59.999999985 59.999999995 -39.999999990 49.999999996 -46.671714797 49.999999996 -31.114476532
h15v05 39.999999996 -39.162218674 39.999999996 -26.108145783 29.999999997 -34.641016147 29.999999997 -23.094010765
h15v07 19.999999998 -31.925333171 19.999999998 -21.283555447 9.999999999 -30.462798354 9.999999999 -20.308532236
h15v11 -19.999999998 -31.925333171 -19.999999998 -21.283555447 -29.999999997 -34.641016147 -29.999999997 -23.094010765
h15v14 -49.999999996 -46.671714797 -49.999999996 -31.114476532 -59.999999995 -59.999999985 -59.999999995 -39.999999990
h15v15 -59.999999995 -59.999999985 -59.999999995 -39.999999990 -69.999999994 -87.714131971 -69.999999994 -58.476087980
h15v16 -69.999999994 -87.714131971 -69.999999994 -58.476087980 -79.999999993 -172.763114356 -79.999999993 -115.175409571
h15v17 -79.999999993 -172.763114356 -79.999999993 -115.175409571 -89.999999992 179.900000000 -89.999999992 179.900000000
h16v00 89.999999992 179.900000000 89.999999992 179.900000000 79.999999993 -115.175409571 79.999999993 -57.587704785
h16v01 79.999999993 -115.175409571 79.999999993 -57.587704785 69.999999994 -58.476087980 69.999999994 -29.238043990
h16v02 69.999999994 -58.476087980 69.999999994 -29.238043990 59.999999995 -39.999999990 59.999999995 -19.999999995
h16v05 39.999999996 -26.108145783 39.999999996 -13.054072891 29.999999997 -23.094010765 29.999999997 -11.547005382
h16v06 29.999999997 -23.094010765 29.999999997 -11.547005382 19.999999998 -21.283555447 19.999999998 -10.641777724
h16v07 19.999999998 -21.283555447 19.999999998 -10.641777724 9.999999999 -20.308532236 9.999999999 -10.154266118
h16v08 9.999999999 -20.308532236 9.999999999 -10.154266118 -0.000000000 -19.999999998 -0.000000000 -9.999999999
h16v09 -0.000000000 -19.999999998 -0.000000000 -9.999999999 -9.999999999 -20.308532236 -9.999999999 -10.154266118
h16v12 -29.999999997 -23.094010765 -29.999999997 -11.547005382 -39.999999996 -26.108145783 -39.999999996 -13.054072891
h16v14 -49.999999996 -31.114476532 -49.999999996 -15.557238266 -59.999999995 -39.999999990 -59.999999995 -19.999999995
h16v16 -69.999999994 -58.476087980 -69.999999994 -29.238043990 -79.999999993 -115.175409571 -79.999999993 -57.587704785
h16v17 -79.999999993 -115.175409571 -79.999999993 -57.587704785 -89.999999992 179.900000000 -89.999999992 179.900000000
h17v00 89.999999992 179.900000000 89.999999992 0.000000000 79.999999993 -57.587704785 79.999999993 0.000000000
h17v01 79.999999993 -57.587704785 79.999999993 0.000000000 69.999999994 -29.238043990 69.999999994 0.000000000
h17v02 69.999999994 -29.238043990 69.999999994 0.000000000 59.999999995 -19.999999995 59.999999995 0.000000000
h17v03 59.999999995 -19.999999995 59.999999995 0.000000000 49.999999996 -15.557238266 49.999999996 0.000000000
h17v04 49.999999996 -15.557238266 49.999999996 0.000000000 39.999999996 -13.054072891 39.999999996 0.000000000
h17v05 39.999999996 -13.054072891 39.999999996 0.000000000 29.999999997 -11.547005382 29.999999997 0.000000000
h17v06 29.999999997 -11.547005382 29.999999997 0.000000000 19.999999998 -10.641777724 19.999999998 0.000000000
h17v07 19.999999998 -10.641777724 19.999999998 0.000000000 9.999999999 -10.154266118 9.999999999 0.000000000
h17v08 9.999999999 -10.154266118 9.999999999 0.000000000 -0.000000000 -9.999999999 -0.000000000 0.000000000
h17v10 -9.999999999 -10.154266118 -9.999999999 0.000000000 -19.999999998 -10.641777724 -19.999999998 0.000000000
h17v12 -29.999999997 -11.547005382 -29.999999997 0.000000000 -39.999999996 -13.054072891 -39.999999996 0.000000000
h17v13 -39.999999996 -13.054072891 -39.999999996 0.000000000 -49.999999996 -15.557238266 -49.999999996 0.000000000
h17v15 -59.999999995 -19.999999995 -59.999999995 0.000000000 -69.999999994 -29.238043990 -69.999999994 0.000000000
h17v16 -69.999999994 -29.238043990 -69.999999994 0.000000000 -79.999999993 -57.587704785 -79.999999993 0.000000000
h17v17 -79.999999993 -57.587704785 -79.999999993 0.000000000 -89.999999992 179.900000000 -89.999999992 0.000000000
h18v00 89.999999992 0.000000000 89.999999992 -179.900000000 79.999999993 0.000000000 79.999999993 57.587704785
h18v01 79.999999993 0.000000000 79.999999993 57.587704785 69.999999994 0.000000000 69.999999994 29.238043990
h18v02 69.999999994 0.000000000 69.999999994 29.238043990 59.999999995 0.000000000 59.999999995 19.999999995
h18v03 59.999999995 0.000000000 59.999999995 19.999999995 49.999999996 0.000000000 49.999999996 15.557238266
h18v04 49.999999996 0.000000000 49.999999996 15.557238266 39.999999996 0.000000000 39.999999996 13.054072891
h18v05 39.999999996 0.000000000 39.999999996 13.054072891 29.999999997 0.000000000 29.999999997 11.547005382
h18v06 29.999999997 0.000000000 29.999999997 11.547005382 19.999999998 0.000000000 19.999999998 10.641777724
h18v07 19.999999998 0.000000000 19.999999998 10.641777724 9.999999999 0.000000000 9.999999999 10.154266118
h18v08 9.999999999 0.000000000 9.999999999 10.154266118 -0.000000000 0.000000000 -0.000000000 9.999999999
h18v09 -0.000000000 0.000000000 -0.000000000 9.999999999 -9.999999999 0.000000000 -9.999999999 10.154266118
h18v14 -49.999999996 0.000000000 -49.999999996 15.557238266 -59.999999995 0.000000000 -59.999999995 19.999999995
h18v15 -59.999999995 0.000000000 -59.999999995 19.999999995 -69.999999994 0.000000000 -69.999999994 29.238043990
h18v16 -69.999999994 0.000000000 -69.999999994 29.238043990 -79.999999993 0.000000000 -79.999999993 57.587704785
h18v17 -79.999999993 0.000000000 -79.999999993 57.587704785 -89.999999992 0.000000000 -89.999999992 -179.900000000
h19v00 89.999999992 -179.900000000 89.999999992 -179.900000000 79.999999993 57.587704785 79.999999993 115.175409571
h19v01 79.999999993 57.587704785 79.999999993 115.175409571 69.999999994 29.238043990 69.999999994 58.476087980
h19v02 69.999999994 29.238043990 69.999999994 58.476087980 59.999999995 19.999999995 59.999999995 39.999999990
h19v03 59.999999995 19.999999995 59.999999995 39.999999990 49.999999996 15.557238266 49.999999996 31.114476532
h19v04 49.999999996 15.557238266 49.999999996 31.114476532 39.999999996 13.054072891 39.999999996 26.108145783
h19v05 39.999999996 13.054072891 39.999999996 26.108145783 29.999999997 11.547005382 29.999999997 23.094010765
h19v06 29.999999997 11.547005382 29.999999997 23.094010765 19.999999998 10.641777724 19.999999998 21.283555447
h19v07 19.999999998 10.641777724 19.999999998 21.283555447 9.999999999 10.154266118 9.999999999 20.308532236
h19v08 9.999999999 10.154266118 9.999999999 20.308532236 -0.000000000 9.999999999 -0.000000000 19.999999998
h19v09 -0.000000000 9.999999999 -0.000000000 19.999999998 -9.999999999 10.154266118 -9.999999999 20.308532236
h19v10 -9.999999999 10.154266118 -9.999999999 20.308532236 -19.999999998 10.641777724 -19.999999998 21.283555447
h19v11 -19.999999998 10.641777724 -19.999999998 21.283555447 -29.999999997 11.547005382 -29.999999997 23.094010765
h19v12 -29.999999997 11.547005382 -29.999999997 23.094010765 -39.999999996 13.054072891 -39.999999996 26.108145783
h19v15 -59.999999995 19.999999995 -59.999999995 39.999999990 -69.999999994 29.238043990 -69.999999994 58.476087980
h19v16 -69.999999994 29.238043990 -69.999999994 58.476087980 -79.999999993 57.587704785 -79.999999993 115.175409571
h19v17 -79.999999993 57.587704785 -79.999999993 115.175409571 -89.999999992 -179.900000000 -89.999999992 -179.900000000
h20v01 79.999999993 115.175409571 79.999999993 172.763114356 69.999999994 58.476087980 69.999999994 87.714131971
h20v02 69.999999994 58.476087980 69.999999994 87.714131971 59.999999995 39.999999990 59.999999995 59.999999985
h20v03 59.999999995 39.999999990 59.999999995 59.999999985 49.999999996 31.114476532 49.999999996 46.671714797
h20v04 49.999999996 31.114476532 49.999999996 46.671714797 39.999999996 26.108145783 39.999999996 39.162218674
h20v05 39.999999996 26.108145783 39.999999996 39.162218674 29.999999997 23.094010765 29.999999997 34.641016147
h20v06 29.999999997 23.094010765 29.999999997 34.641016147 19.999999998 21.283555447 19.999999998 31.925333171
h20v07 19.999999998 21.283555447 19.999999998 31.925333171 9.999999999 20.308532236 9.999999999 30.462798354
h20v08 9.999999999 20.308532236 9.999999999 30.462798354 -0.000000000 19.999999998 -0.000000000 29.999999997
h20v09 -0.000000000 19.999999998 -0.000000000 29.999999997 -9.999999999 20.308532236 -9.999999999 30.462798354
h20v10 -9.999999999 20.308532236 -9.999999999 30.462798354 -19.999999998 21.283555447 -19.999999998 31.925333171
h20v11 -19.999999998 21.283555447 -19.999999998 31.925333171 -29.999999997 23.094010765 -29.999999997 34.641016147
h20v12 -29.999999997 23.094010765 -29.999999997 34.641016147 -39.999999996 26.108145783 -39.999999996 39.162218674
h20v13 -39.999999996 26.108145783 -39.999999996 39.162218674 -49.999999996 31.114476532 -49.999999996 46.671714797
h20v15 -59.999999995 39.999999990 -59.999999995 59.999999985 -69.999999994 58.476087980 -69.999999994 87.714131971
h20v16 -69.999999994 58.476087980 -69.999999994 87.714131971 -79.999999993 115.175409571 -79.999999993 172.763114356
h20v17 -79.999999993 115.175409571 -79.999999993 172.763114356 -89.999999992 -179.900000000 -89.999999992 -179.900000000
h21v01 79.999999993 172.763114356 79.999999993 179.900000000 69.999999994 87.714131971 69.999999994 116.952175961
h21v02 69.999999994 87.714131971 69.999999994 116.952175961 59.999999995 59.999999985 59.999999995 79.999999980
h21v03 59.999999995 59.999999985 59.999999995 79.999999980 49.999999996 46.671714797 49.999999996 62.228953063
h21v04 49.999999996 46.671714797 49.999999996 62.228953063 39.999999996 39.162218674 39.999999996 52.216291566
h21v05 39.999999996 39.162218674 39.999999996 52.216291566 29.999999997 34.641016147 29.999999997 46.188021530
h21v06 29.999999997 34.641016147 29.999999997 46.188021530 19.999999998 31.925333171 19.999999998 42.567110895
h21v07 19.999999998 31.925333171 19.999999998 42.567110895 9.999999999 30.462798354 9.999999999 40.617064472
h21v08 9.999999999 30.462798354 9.999999999 40.617064472 -0.000000000 29.999999997 -0.000000000 39.999999996
h21v09 -0.000000000 29.999999997 -0.000000000 39.999999996 -9.999999999 30.462798354 -9.999999999 40.617064472
h21v10 -9.999999999 30.462798354 -9.999999999 40.617064472 -19.999999998 31.925333171 -19.999999998 42.567110895
h21v11 -19.999999998 31.925333171 -19.999999998 42.567110895 -29.999999997 34.641016147 -29.999999997 46.188021530
h21v13 -39.999999996 39.162218674 -39.999999996 52.216291566 -49.999999996 46.671714797 -49.999999996 62.228953063
h21v15 -59.999999995 59.999999985 -59.999999995 79.999999980 -69.999999994 87.714131971 -69.999999994 116.952175961
h21v16 -69.999999994 87.714131971 -69.999999994 116.952175961 -79.999999993 172.763114356 -79.999999993 179.900000000
h21v17 -79.999999993 172.763114356 -79.999999993 179.900000000 -89.999999992 -179.900000000 -89.999999992 179.900000000
h22v01 79.999999993 179.900000000 79.999999993 179.900000000 69.999999994 116.952175961 69.999999994 146.190219951
h22v02 69.999999994 116.952175961 69.999999994 146.190219951 59.999999995 79.999999980 59.999999995 99.999999975
h22v03 59.999999995 79.999999980 59.999999995 99.999999975 49.999999996 62.228953063 49.999999996 77.786191329
h22v04 49.999999996 62.228953063 49.999999996 77.786191329 39.999999996 52.216291566 39.999999996 65.270364457
h22v05 39.999999996 52.216291566 39.999999996 65.270364457 29.999999997 46.188021530 29.999999997 57.735026912
h22v06 29.999999997 46.188021530 29.999999997 57.735026912 19.999999998 42.567110895 19.999999998 53.208888618
h22v07 19.999999998 42.567110895 19.999999998 53.208888618 9.999999999 40.617064472 9.999999999 50.771330590
h22v08 9.999999999 40.617064472 9.999999999 50.771330590 -0.000000000 39.999999996 -0.000000000 49.999999996
h22v09 -0.000000000 39.999999996 -0.000000000 49.999999996 -9.999999999 40.617064472 -9.999999999 50.771330590
h22v10 -9.999999999 40.617064472 -9.999999999 50.771330590 -19.999999998 42.567110895 -19.999999998 53.208888618
h22v11 -19.999999998 42.567110895 -19.999999998 53.208888618 -29.999999997 46.188021530 -29.999999997 57.735026912
h22v13 -39.999999996 52.216291566 -39.999999996 65.270364457 -49.999999996 62.228953063 -49.999999996 77.786191329
h22v14 -49.999999996 62.228953063 -49.999999996 77.786191329 -59.999999995 79.999999980 -59.999999995 99.999999975
h22v15 -59.999999995 79.999999980 -59.999999995 99.999999975 -69.999999994 116.952175961 -69.999999994 146.190219951
h22v16 -69.999999994 116.952175961 -69.999999994 146.190219951 -79.999999993 179.900000000 -79.999999993 179.900000000
h23v01 79.999999993 179.900000000 79.999999993 179.900000000 69.999999994 146.190219951 69.999999994 175.428263941
h23v02 69.999999994 146.190219951 69.999999994 175.428263941 59.999999995 99.999999975 59.999999995 119.999999970
h23v03 59.999999995 99.999999975 59.999999995 119.999999970 49.999999996 77.786191329 49.999999996 93.343429595
h23v04 49.999999996 77.786191329 49.999999996 93.343429595 39.999999996 65.270364457 39.999999996 78.324437349
h23v05 39.999999996 65.270364457 39.999999996 78.324437349 29.999999997 57.735026912 29.999999997 69.282032295
h23v06 29.999999997 57.735026912 29.999999997 69.282032295 19.999999998 53.208888618 19.999999998 63.850666342
h23v07 19.999999998 53.208888618 19.999999998 63.850666342 9.999999999 50.771330590 9.999999999 60.925596708
h23v08 9.999999999 50.771330590 9.999999999 60.925596708 -0.000000000 49.999999996 -0.000000000 59.999999995
h23v09 -0.000000000 49.999999996 -0.000000000 59.999999995 -9.999999999 50.771330590 -9.999999999 60.925596708
h23v10 -9.999999999 50.771330590 -9.999999999 60.925596708 -19.999999998 53.208888618 -19.999999998 63.850666342
h23v11 -19.999999998 53.208888618 -19.999999998 63.850666342 -29.999999997 57.735026912 -29.999999997 69.282032295
h23v15 -59.999999995 99.999999975 -59.999999995 119.999999970 -69.999999994 146.190219951 -69.999999994 175.428263941
h23v16 -69.999999994 146.190219951 -69.999999994 175.428263941 -79.999999993 179.900000000 -79.999999993 179.900000000
h24v01 79.999999993 179.900000000 79.999999993 -179.900000000 69.999999994 175.428263941 69.999999994 179.900000000
h24v02 69.999999994 175.428263941 69.999999994 179.900000000 59.999999995 119.999999970 59.999999995 139.999999965
h24v03 59.999999995 119.999999970 59.999999995 139.999999965 49.999999996 93.343429595 49.999999996 108.900667860
h24v04 49.999999996 93.343429595 49.999999996 108.900667860 39.999999996 78.324437349 39.999999996 91.378510240
h24v05 39.999999996 78.324437349 39.999999996 91.378510240 29.999999997 69.282032295 29.999999997 80.829037677
h24v06 29.999999997 69.282032295 29.999999997 80.829037677 19.999999998 63.850666342 19.999999998 74.492444066
h24v07 19.999999998 63.850666342 19.999999998 74.492444066 9.999999999 60.925596708 9.999999999 71.079862825
h24v10 -9.999999999 60.925596708 -9.999999999 71.079862825 -19.999999998 63.850666342 -19.999999998 74.492444066
h24v12 -29.999999997 69.282032295 -29.999999997 80.829037677 -39.999999996 78.324437349 -39.999999996 91.378510240
h24v15 -59.999999995 119.999999970 -59.999999995 139.999999965 -69.999999994 175.428263941 -69.999999994 179.900000000
h25v02 69.999999994 179.900000000 69.999999994 179.900000000 59.999999995 139.999999965 59.999999995 159.999999960
h25v03 59.999999995 139.999999965 59.999999995 159.999999960 49.999999996 108.900667860 49.999999996 124.457906126
h25v04 49.999999996 108.900667860 49.999999996 124.457906126 39.999999996 91.378510240 39.999999996 104.432583132
h25v05 39.999999996 91.378510240 39.999999996 104.432583132 29.999999997 80.829037677 29.999999997 92.376043060
h25v06 29.999999997 80.829037677 29.999999997 92.376043060 19.999999998 74.492444066 19.999999998 85.134221789
h25v07 19.999999998 74.492444066 19.999999998 85.134221789 9.999999999 71.079862825 9.999999999 81.234128943
h25v08 9.999999999 71.079862825 9.999999999 81.234128943 -0.000000000 69.999999994 -0.000000000 79.999999993
h25v09 -0.000000000 69.999999994 -0.000000000 79.999999993 -9.999999999 71.079862825 -9.999999999 81.234128943
h26v02 69.999999994 179.900000000 69.999999994 179.900000000 59.999999995 159.999999960 59.999999995 179.999999955
h26v03 59.999999995 159.999999960 59.999999995 179.999999955 49.999999996 124.457906126 49.999999996 140.015144392
h26v04 49.999999996 124.457906126 49.999999996 140.015144392 39.999999996 104.432583132 39.999999996 117.486656023
h26v05 39.999999996 104.432583132 39.999999996 117.486656023 29.999999997 92.376043060 29.999999997 103.923048442
h26v06 29.999999997 92.376043060 29.999999997 103.923048442 19.999999998 85.134221789 19.999999998 95.775999513
h26v07 19.999999998 85.134221789 19.999999998 95.775999513 9.999999999 81.234128943 9.999999999 91.388395061
h26v08 9.999999999 81.234128943 9.999999999 91.388395061 -0.000000000 79.999999993 -0.000000000 89.999999992
h27v03 59.999999995 179.999999955 59.999999995 179.900000000 49.999999996 140.015144392 49.999999996 155.572382658
h27v04 49.999999996 140.015144392 49.999999996 155.572382658 39.999999996 117.486656023 39.999999996 130.540728915
h27v05 39.999999996 117.486656023 39.999999996 130.540728915 29.999999997 103.923048442 29.999999997 115.470053824
h27v06 29.999999997 103.923048442 29.999999997 115.470053824 19.999999998 95.775999513 19.999999998 106.417777237
h27v07 19.999999998 95.775999513 19.999999998 106.417777237 9.999999999 91.388395061 9.999999999 101.542661179
h27v08 9.999999999 91.388395061 9.999999999 101.542661179 -0.000000000 89.999999992 -0.000000000 99.999999991
h27v09 -0.000000000 89.999999992 -0.000000000 99.999999991 -9.999999999 91.388395061 -9.999999999 101.542661179
h27v10 -9.999999999 91.388395061 -9.999999999 101.542661179 -19.999999998 95.775999513 -19.999999998 106.417777237
h27v11 -19.999999998 95.775999513 -19.999999998 106.417777237 -29.999999997 103.923048442 -29.999999997 115.470053824
h27v12 -29.999999997 103.923048442 -29.999999997 115.470053824 -39.999999996 117.486656023 -39.999999996 130.540728915
h27v14 -49.999999996 140.015144392 -49.999999996 155.572382658 -59.999999995 179.999999955 -59.999999995 179.900000000
h28v03 59.999999995 179.900000000 59.999999995 179.900000000 49.999999996 155.572382658 49.999999996 171.129620923
h28v04 49.999999996 155.572382658 49.999999996 171.129620923 39.999999996 130.540728915 39.999999996 143.594801806
h28v05 39.999999996 130.540728915 39.999999996 143.594801806 29.999999997 115.470053824 29.999999997 127.017059207
h28v06 29.999999997 115.470053824 29.999999997 127.017059207 19.999999998 106.417777237 19.999999998 117.059554960
h28v07 19.999999998 106.417777237 19.999999998 117.059554960 9.999999999 101.542661179 9.999999999 111.696927297
h28v08 9.999999999 101.542661179 9.999999999 111.696927297 -0.000000000 99.999999991 -0.000000000 109.999999990
h28v09 -0.000000000 99.999999991 -0.000000000 109.999999990 -9.999999999 101.542661179 -9.999999999 111.696927297
h28v10 -9.999999999 101.542661179 -9.999999999 111.696927297 -19.999999998 106.417777237 -19.999999998 117.059554960
h28v11 -19.999999998 106.417777237 -19.999999998 117.059554960 -29.999999997 115.470053824 -29.999999997 127.017059207
h28v12 -29.999999997 115.470053824 -29.999999997 127.017059207 -39.999999996 130.540728915 -39.999999996 143.594801806
h28v13 -39.999999996 130.540728915 -39.999999996 143.594801806 -49.999999996 155.572382658 -49.999999996 171.129620923
h28v14 -49.999999996 155.572382658 -49.999999996 171.129620923 -59.999999995 179.900000000 -59.999999995 179.900000000
h29v03 59.999999995 179.900000000 59.999999995 179.900000000 49.999999996 171.129620923 49.999999996 179.900000000
h29v05 39.999999996 143.594801806 39.999999996 156.648874698 29.999999997 127.017059207 29.999999997 138.564064589
h29v06 29.999999997 127.017059207 29.999999997 138.564064589 19.999999998 117.059554960 19.999999998 127.701332684
h29v07 19.999999998 117.059554960 19.999999998 127.701332684 9.999999999 111.696927297 9.999999999 121.851193415
h29v08 9.999999999 111.696927297 9.999999999 121.851193415 -0.000000000 109.999999990 -0.000000000 119.999999989
h29v09 -0.000000000 109.999999990 -0.000000000 119.999999989 -9.999999999 111.696927297 -9.999999999 121.851193415
h29v10 -9.999999999 111.696927297 -9.999999999 121.851193415 -19.999999998 117.059554960 -19.999999998 127.701332684
h29v11 -19.999999998 117.059554960 -19.999999998 127.701332684 -29.999999997 127.017059207 -29.999999997 138.564064589
h29v12 -29.999999997 127.017059207 -29.999999997 138.564064589 -39.999999996 143.594801806 -39.999999996 156.648874698
h29v13 -39.999999996 143.594801806 -39.999999996 156.648874698 -49.999999996 171.129620923 -49.999999996 179.900000000
h30v04 49.999999996 179.900000000 49.999999996 179.900000000 39.999999996 156.648874698 39.999999996 169.702947589
h30v05 39.999999996 156.648874698 39.999999996 169.702947589 29.999999997 138.564064589 29.999999997 150.111069972
h30v06 29.999999997 138.564064589 29.999999997 150.111069972 19.999999998 127.701332684 19.999999998 138.343110408
h30v07 19.999999998 127.701332684 19.999999998 138.343110408 9.999999999 121.851193415 9.999999999 132.005459533
h30v08 9.999999999 121.851193415 9.999999999 132.005459533 -0.000000000 119.999999989 -0.000000000 129.999999988
h30v09 -0.000000000 119.999999989 -0.000000000 129.999999988 -9.999999999 121.851193415 -9.999999999 132.005459533
h30v10 -9.999999999 121.851193415 -9.999999999 132.005459533 -19.999999998 127.701332684 -19.999999998 138.343110408
h30v11 -19.999999998 127.701332684 -19.999999998 138.343110408 -29.999999997 138.564064589 -29.999999997 150.111069972
h30v12 -29.999999997 138.564064589 -29.999999997 150.111069972 -39.999999996 156.648874698 -39.999999996 169.702947589
h30v13 -39.999999996 156.648874698 -39.999999996 169.702947589 -49.999999996 179.900000000 -49.999999996 179.900000000
h31v04 49.999999996 179.900000000 49.999999996 179.900000000 39.999999996 169.702947589 39.999999996 179.900000000
h31v06 29.999999997 150.111069972 29.999999997 161.658075354 19.999999998 138.343110408 19.999999998 148.984888132
h31v07 19.999999998 138.343110408 19.999999998 148.984888132 9.999999999 132.005459533 9.999999999 142.159725651
h31v08 9.999999999 132.005459533 9.999999999 142.159725651 -0.000000000 129.999999988 -0.000000000 139.999999987
h31v09 -0.000000000 129.999999988 -0.000000000 139.999999987 -9.999999999 132.005459533 -9.999999999 142.159725651
h31v10 -9.999999999 132.005459533 -9.999999999 142.159725651 -19.999999998 138.343110408 -19.999999998 148.984888132
h31v11 -19.999999998 138.343110408 -19.999999998 148.984888132 -29.999999997 150.111069972 -29.999999997 161.658075354
h31v12 -29.999999997 150.111069972 -29.999999997 161.658075354 -39.999999996 169.702947589 -39.999999996 179.900000000
h31v13 -39.999999996 169.702947589 -39.999999996 179.900000000 -49.999999996 179.900000000 -49.999999996 179.900000000
h32v07 19.999999998 148.984888132 19.999999998 159.626665855 9.999999999 142.159725651 9.999999999 152.313991769
h32v08 9.999999999 142.159725651 9.999999999 152.313991769 -0.000000000 139.999999987 -0.000000000 149.999999987
h32v09 -0.000000000 139.999999987 -0.000000000 149.999999987 -9.999999999 142.159725651 -9.999999999 152.313991769
h32v10 -9.999999999 142.159725651 -9.999999999 152.313991769 -19.999999998 148.984888132 -19.999999998 159.626665855
h32v11 -19.999999998 148.984888132 -19.999999998 159.626665855 -29.999999997 161.658075354 -29.999999997 173.205080737
h32v12 -29.999999997 161.658075354 -29.999999997 173.205080737 -39.999999996 179.900000000 -39.999999996 179.900000000
h33v07 19.999999998 159.626665855 19.999999998 170.268443579 9.999999999 152.313991769 9.999999999 162.468257887
h33v08 9.999999999 152.313991769 9.999999999 162.468257887 -0.000000000 149.999999987 -0.000000000 159.999999986
h33v09 -0.000000000 149.999999987 -0.000000000 159.999999986 -9.999999999 152.313991769 -9.999999999 162.468257887
h33v10 -9.999999999 152.313991769 -9.999999999 162.468257887 -19.999999998 159.626665855 -19.999999998 170.268443579
h33v11 -19.999999998 159.626665855 -19.999999998 170.268443579 -29.999999997 173.205080737 -29.999999997 179.900000000
h34v07 19.999999998 170.268443579 19.999999998 179.900000000 9.999999999 162.468257887 9.999999999 172.622524005
h34v08 9.999999999 162.468257887 9.999999999 172.622524005 -0.000000000 159.999999986 -0.000000000 169.999999985
h34v09 -0.000000000 159.999999986 -0.000000000 169.999999985 -9.999999999 162.468257887 -9.999999999 172.622524005
h34v10 -9.999999999 162.468257887 -9.999999999 172.622524005 -19.999999998 170.268443579 -19.999999998 179.900000000
h35v08 9.999999999 172.622524005 9.999999999 179.900000000 -0.000000000 169.999999985 -0.000000000 179.999999984
h35v09 -0.000000000 169.999999985 -0.000000000 179.999999984 -9.999999999 172.622524005 -9.999999999 179.900000000
h35v10 -9.999999999 172.622524005 -9.999999999 179.900000000 -19.999999998 179.900000000 -19.999999998 179.900000000
